0.000000000000000e+00 0.000000000000000e+00 -0.000000000000000e+00
2.547294566399271e+03 0.000000000000000e+00 -0.000000000000000e+00
5.094589132798543e+03 0.000000000000000e+00 -0.000000000000000e+00
7.641883699197815e+03 0.000000000000000e+00 1.432893366086881e+00
1.018917826559709e+04 0.000000000000000e+00 3.396514142967464e+00
1.273647283199636e+04 0.000000000000000e+00 6.633924448329481e+00
1.528376739839563e+04 0.000000000000000e+00 1.146376012256255e+01
1.783106196479490e+04 0.000000000000000e+00 1.820491238317022e+01
2.037835653119417e+04 0.000000000000000e+00 2.717670900584727e+01
2.292565109759344e+04 0.000000000000000e+00 3.869916720158751e+01
2.547294566399272e+04 0.000000000000000e+00 5.309333107603867e+01
2.802024023039199e+04 0.000000000000000e+00 7.068170747218582e+01
3.056753479679126e+04 1.681395286324525e-29 9.178881527924086e+01
3.311482936319053e+04 2.122552792503787e-24 1.167418652054964e+02
3.566212392958980e+04 2.343735223246157e-20 1.458715897314153e+02
3.820941849598908e+04 4.242793240122932e-17 1.795132468457235e+02
4.075671306238834e+04 1.951575057697348e-14 2.189023751725235e+02
4.330400762878761e+04 3.119675542824571e-12 2.627764757876559e+02
4.585130219518689e+04 2.178248473933655e-10 3.122310225622296e+02
4.839859676158616e+04 7.874543584650494e-09 3.676353985117082e+02
5.094589132798543e+04 1.676131688496231e-07 4.293725013965345e+02
5.349318589438470e+04 2.318554986881585e-06 4.978418289885028e+02
5.604048046078398e+04 2.250562188153505e-05 5.734633226619867e+02
5.858777502718325e+04 1.628444140048195e-04 6.566822794702590e+02
6.113506959358252e+04 9.216143434067902e-04 7.479758179751784e+02
6.368236415998179e+04 4.240420370479966e-03 8.478615655570578e+02
6.622965872638107e+04 1.636706401580768e-02 9.569092602699341e+02
6.877695329278034e+04 5.437199666578580e-02 1.075755574624975e+03
7.132424785917961e+04 1.587838187968659e-01 1.205121482967768e+03
7.387154242557888e+04 4.148478954430093e-01 1.345829985489909e+03
7.641883699197815e+04 9.840032864872881e-01 1.498820394019404e+03
7.896613155837741e+04 2.145305699483224e+00 1.665154306652968e+03
8.151342612477668e+04 4.344107887073432e+00 1.846008393113423e+03
8.406072069117597e+04 8.243022585584226e+00 2.043260675412297e+03
8.660801525757523e+04 1.476870642475664e+01 2.257064385314764e+03
8.915530982397450e+04 2.514772933596859e+01 2.489282901733607e+03
9.170260439037377e+04 4.092577892644072e+01 2.741141941705770e+03
9.424989895677303e+04 6.396641302023670e+01 3.013708134488069e+03
9.679719352317232e+04 9.642804721155926e+01 3.307811407378352e+03
9.934448808957159e+04 1.407203488178224e+02 3.623974367543301e+03
1.018917826559709e+05 1.994432982902030e+02 3.962354352512282e+03
1.044390772223701e+05 2.753136252017423e+02 4.322702220832143e+03
1.069863717887694e+05 3.710840442087406e+02 4.704340110390519e+03
1.095336663551687e+05 4.894607566683592e+02 5.106158591627943e+03
1.120809609215680e+05 6.330241820650635e+02 5.526632094664918e+03
1.146282554879672e+05 8.041570147162035e+02 5.963850313117674e+03
1.171755500543665e+05 1.004982640300227e+03 6.415562523541246e+03
1.197228446207658e+05 1.237315843767271e+03 6.879231387745079e+03
1.222701391871650e+05 1.502626708315615e+03 7.352092767055655e+03
1.248174337535643e+05 1.802017718025605e+03 7.831218295067721e+03
1.273647283199636e+05 2.136213372542623e+03 8.313577847392757e+03
1.299120228863629e+05 2.505561110644479e+03 8.796099538854412e+03
1.324593174527621e+05 2.910042010179546e+03 9.275725408517750e+03
1.350066120191614e+05 3.349289561727553e+03 9.749461473749601e+03
1.375539065855607e+05 3.822614773176154e+03 1.021442131336181e+04
1.401012011519599e+05 4.329035921456150e+03 1.066838810602556e+04
1.426484957183592e+05 4.867311396831106e+03 1.110777213251536e+04
1.451957902847585e+05 5.435974258840506e+03 1.153069933482473e+04
1.477430848511578e+05 6.033367320135872e+03 1.193501192276625e+04
1.502903794175570e+05 6.657677778536046e+03 1.231877631457047e+04
1.528376739839563e+05 7.306970616507892e+03 1.268028865553625e+04
1.553849685503556e+05 7.979220172607947e+03 1.301807579586122e+04
1.579322631167548e+05 8.672339456009515e+03 1.333089240572231e+04
1.604795576831541e+05 9.384206920393042e+03 1.361771488759516e+04
1.630268522495534e+05 1.011269053638124e+04 1.387773270878365e+04
1.655741468159527e+05 1.085566910287727e+04 1.411033772747058e+04
1.681214413823519e+05 1.161105081853965e+04 1.431511202846896e+04
1.706687359487512e+05 1.237678919716378e+04 1.449181472423807e+04
1.732160305151505e+05 1.315089645717637e+04 1.464036811580199e+04
1.757633250815497e+05 1.393145454810040e+04 1.476084354909314e+04
1.783106196479490e+05 1.471662399796682e+04 1.485344724666015e+04
1.808579142143483e+05 1.550465077733980e+04 1.491850634349185e+04
1.834052087807475e+05 1.629387137978702e+04 1.495645530951061e+04
1.859525033471468e+05 1.708271631693944e+04 1.496782290040395e+04
1.884997979135461e+05 1.786971222018910e+04 1.495321974264864e+04
1.910470924799454e+05 1.865348273178551e+04 1.491332662789791e+04
1.935943870463446e+05 1.943274835661755e+04 1.484888356584216e+04
1.961416816127439e+05 2.020632543312857e+04 1.476067962287582e+04
1.986889761791432e+05 2.097312436825564e+04 1.464954355604978e+04
2.012362707455425e+05 2.173214726752046e+04 1.451633523734267e+04
2.037835653119417e+05 2.248248507781263e+04 1.436239801035404e+04
2.063308598783410e+05 2.322331434727980e+04 1.418772847583900e+04
2.088781544447403e+05 2.395389369427472e+04 1.399367912542330e+04
2.114254490111395e+05 2.467356006563886e+04 1.378116360142443e+04
2.139727435775388e+05 2.538172485380462e+04 1.355109479896662e+04
2.165200381439381e+05 2.607786993231368e+04 1.330438044992037e+04
2.190673327103374e+05 2.676154366037891e+04 1.304191926364671e+04
2.216146272767367e+05 2.743235689905008e+04 1.276459758213124e+04
2.241619218431359e+05 2.808997907433706e+04 1.247328650796822e+04
2.267092164095352e+05 2.873413431625963e+04 1.216883946466354e+04
2.292565109759344e+05 2.936459769716837e+04 1.185209015044123e+04
2.318038055423337e+05 2.998119158776645e+04 1.152385084850154e+04
2.343511001087330e+05 3.058378214498919e+04 1.118491105874424e+04
2.368983946751323e+05 3.117227594221505e+04 1.083603641808645e+04
2.394456892415315e+05 3.174661674912435e+04 1.047796787872299e+04
2.419929838079308e+05 3.230678246583855e+04 1.011142111584961e+04
2.445402783743301e+05 3.285278221370931e+04 9.737086138534494e+03
2.470875729407294e+05 3.338465358323487e+04 9.355627079575566e+03
2.496348675071286e+05 3.390246003801762e+04 8.967682142144200e+03
2.521821620735279e+05 3.440628847239661e+04 8.573863683034939e+03
2.547294566399272e+05 3.489624691936014e+04 8.174758414114320e+03
2.572767512063265e+05 3.537246240452908e+04 7.770927705323116e+03
2.598240457727257e+05 3.583507894137201e+04 7.362907974196950e+03
2.623713403391250e+05 3.628425566234318e+04 6.951211148398158e+03
2.649186349055243e+05 3.672016508029932e+04 6.536325189079131e+03
2.674659294719235e+05 3.714299147432871e+04 6.118714664300734e+03
2.700132240383228e+05 3.755292939400199e+04 5.698821362773610e+03
2.725605186047220e+05 3.795018227600639e+04 5.277064939417685e+03
2.751078131711214e+05 3.833496116714591e+04 4.854258690000873e+03
2.776551077375206e+05 3.870748354776287e+04 4.429961456617085e+03
2.802024023039199e+05 3.906797224975235e+04 4.004934258035008e+03
2.827496968703192e+05 3.941665446349181e+04 3.579515059985332e+03
2.852969914367184e+05 3.975376082818511e+04 3.154023163290642e+03
2.878442860031177e+05 4.007952460031678e+04 2.728759909614314e+03
2.903915805695170e+05 4.039418089512402e+04 2.304009382127575e+03
2.929388751359163e+05 4.069796599621438e+04 1.880039098277958e+03
2.954861697023155e+05 4.099111672868436e+04 1.457100692252323e+03
2.980334642687148e+05 4.127386989132359e+04 1.035430585148983e+03
3.005807588351141e+05 4.154646174371818e+04 6.152506411859442e+02
3.031280534015133e+05 4.180912754429464e+04 1.967688085972719e+02
3.056753479679126e+05 4.206210113556850e+04 -2.198202558670637e+02
3.082226425343119e+05 4.230561457308025e+04 -6.343345796972557e+02
3.107699371007111e+05 4.253989779471197e+04 -1.046604285249932e+03
3.133172316671104e+05 4.276517832728309e+04 -1.456471018737516e+03
3.158645262335096e+05 4.298168102751955e+04 -1.863787397841404e+03
3.184118207999089e+05 4.318962785467942e+04 -2.268416478136642e+03
3.209591153663082e+05 4.338923767229714e+04 -2.670231238353272e+03
3.235064099327075e+05 4.358072607668040e+04 -3.069114084418066e+03
3.260537044991067e+05 4.376430524995525e+04 -3.464956372125117e+03
3.286009990655060e+05 4.394018383560959e+04 -3.857657948223458e+03
3.311482936319053e+05 4.410856683463013e+04 -4.247126709610903e+03
3.336955881983046e+05 4.426965552046464e+04 -4.633278180339600e+03
3.362428827647039e+05 4.442364737117103e+04 -5.016035106016217e+03
3.387901773311031e+05 4.457073601723437e+04 -5.395327065208992e+03
3.413374718975024e+05 4.471111120364792e+04 -5.771090097419860e+03
3.438847664639017e+05 4.484495876495914e+04 -6.143266347168118e+03
3.464320610303009e+05 4.497246061208106e+04 -6.511803723707839e+03
3.489793555967002e+05 4.509379472976223e+04 -6.876655575906510e+03
3.515266501630995e+05 4.520913518369323e+04 -7.237404742952374e+03
3.540739447294988e+05 4.531865213630925e+04 -7.594757588051903e+03
3.566212392958980e+05 4.542251187042092e+04 -7.948314439855768e+03
3.591685338622972e+05 4.552087681987497e+04 -8.298047439806242e+03
3.617158284286965e+05 4.561390560651006e+04 -8.643932753775689e+03
3.642631229950958e+05 4.570175308273111e+04 -8.985950327759714e+03
3.668104175614951e+05 4.578457037908027e+04 -9.324083655407327e+03
3.693577121278943e+05 4.586250495623246e+04 -9.658319556916264e+03
3.719050066942936e+05 4.593570066088910e+04 -9.988647968890593e+03
3.744523012606929e+05 4.600429778508600e+04 -1.031506174470344e+04
3.769995958270921e+05 4.606843312847053e+04 -1.063755646499494e+04
3.795468903934914e+05 4.612824006313814e+04 -1.095613025786725e+04
3.820941849598907e+05 4.618384860065146e+04 -1.127078362842339e+04
3.846414795262900e+05 4.623538546089485e+04 -1.158151929726976e+04
3.871887740926893e+05 4.628297414244487e+04 -1.188834204761062e+04
3.897360686590886e+05 4.632673499416184e+04 -1.219125858061947e+04
3.922833632254878e+05 4.636678528773139e+04 -1.249027737871279e+04
3.948306577918871e+05 4.640323929090507e+04 -1.278540857644204e+04
3.973779523582864e+05 4.643620834120926e+04 -1.307666383867058e+04
3.999252469246857e+05 4.646580091990892e+04 -1.336405624574180e+04
4.024725414910849e+05 4.649212272602909e+04 -1.364760018535624e+04
4.050198360574842e+05 4.651527675025236e+04 -1.392731125085890e+04
4.075671306238835e+05 4.653536334852417e+04 -1.420320614569730e+04
4.101144251902827e+05 4.655248031521111e+04 -1.447530259375633e+04
4.126617197566820e+05 4.656672295566846e+04 -1.474361925534670e+04
4.152090143230813e+05 4.657818415808585e+04 -1.500817564858057e+04
4.177563088894805e+05 4.658695446448846e+04 -1.526899207591335e+04
4.203036034558798e+05 4.659312214078288e+04 -1.552608955561013e+04
4.228508980222791e+05 4.659677324574441e+04 -1.577948975793025e+04
4.253981925886784e+05 4.659799169885226e+04 -1.602921494579328e+04
4.279454871550776e+05 4.659685934688691e+04 -1.627528791973665e+04
4.304927817214769e+05 4.659345602921172e+04 -1.651773196694968e+04
4.330400762878762e+05 4.658785964166866e+04 -1.675657081419144e+04
4.355873708542755e+05 4.658014619902518e+04 -1.699147913681859e+04
4.381346654206747e+05 4.657038989591532e+04 -1.722317414258801e+04
4.406819599870740e+05 4.655866316622629e+04 -1.745133727733534e+04
4.432292545534733e+05 4.654503674088653e+04 -1.767599362584825e+04
4.457765491198725e+05 4.652957970401854e+04 -1.789716852874117e+04
4.483238436862718e+05 4.651235954742478e+04 -1.811488755479784e+04
4.508711382526711e+05 4.649344222338175e+04 -1.832917647595941e+04
4.534184328190704e+05 4.647289219572147e+04 -1.854006124479261e+04
4.559657273854696e+05 4.645077248918623e+04 -1.874756797428518e+04
4.585130219518689e+05 4.642714473704658e+04 -1.895172291982952e+04
4.610603165182682e+05 4.640206922697800e+04 -1.915255246322497e+04
4.636076110846674e+05 4.637560494519636e+04 -1.935008309859283e+04
4.661549056510667e+05 4.634780961885626e+04 -1.954434142004623e+04
4.687022002174660e+05 4.631873975672151e+04 -1.973535411097700e+04
4.712494947838653e+05 4.628845068812039e+04 -1.992314793486241e+04
4.737967893502645e+05 4.625699660020255e+04 -2.010774972744037e+04
4.763440839166638e+05 4.622443057351797e+04 -2.028918639015632e+04
4.788913784830630e+05 4.619080461594225e+04 -2.046748488475109e+04
4.814386730494623e+05 4.615616969497487e+04 -2.064267222890531e+04
4.839859676158616e+05 4.612057576844126e+04 -2.081477549280787e+04
4.865332621822609e+05 4.608407181363128e+04 -2.098382179657722e+04
4.890805567486602e+05 4.604670585491011e+04 -2.114983830841953e+04
4.916278513150594e+05 4.600852498983920e+04 -2.131285224345028e+04
4.941751458814588e+05 4.596957541384790e+04 -2.147289086308098e+04
4.967224404478580e+05 4.592990244349735e+04 -2.162998147490030e+04
4.992697350142573e+05 4.588955053838107e+04 -2.178415143296717e+04
5.018170295806565e+05 4.584856332170677e+04 -2.193542813844107e+04
5.043643241470559e+05 4.580698359960692e+04 -2.208383904049847e+04
5.069116187134550e+05 4.576485337922481e+04 -2.222941163744807e+04
5.094589132798543e+05 4.572221388562556e+04 -2.237217347800206e+04
5.120062078462536e+05 4.567910557758073e+04 -2.251215216264667e+04
5.145535024126529e+05 4.563556816227630e+04 -2.264937534505511e+04
5.171007969790521e+05 4.559164060899477e+04 -2.278387073350027e+04
5.196480915454514e+05 4.554736116182064e+04 -2.291566609222480e+04
5.221953861118507e+05 4.550276735142013e+04 -2.304478924272665e+04
5.247426806782499e+05 4.545789600594503e+04 -2.317094132135959e+04
5.272899752446492e+05 4.541278326111023e+04 -2.329479897303717e+04
5.298372698110485e+05 4.536746456949417e+04 -2.341606818894418e+04
5.323845643774478e+05 4.532197470911097e+04 -2.353477702936405e+04
5.349318589438470e+05 4.527634779130190e+04 -2.365095361586320e+04
5.374791535102463e+05 4.523061726799345e+04 -2.376462613144602e+04
5.400264480766456e+05 4.518481593836790e+04 -2.387582282043350e+04
5.425737426430448e+05 4.513897595499150e+04 -2.398457198807126e+04
5.451210372094441e+05 4.509312882944427e+04 -2.409090199983850e+04
5.476683317758434e+05 4.504730543749409e+04 -2.419484128046436e+04
5.502156263422427e+05 4.500153602385624e+04 -2.429641831263552e+04
5.527629209086419e+05 4.495585020657903e+04 -2.439566163538326e+04
5.553102154750412e+05 4.491027698109368e+04 -2.449259984218192e+04
5.578575100414405e+05 4.486484472396607e+04 -2.458726157870214e+04
5.604048046078398e+05 4.481958119638592e+04 -2.467967554028408e+04
5.629520991742390e+05 4.477451354742797e+04 -2.476987046907326e+04
5.654993937406384e+05 4.472966831711763e+04 -2.485787515086858e+04
5.680466883070376e+05 4.468507143933236e+04 -2.494371841166804e+04
5.705939828734369e+05 4.464074824456887e+04 -2.502742911391764e+04
5.731412774398361e+05 4.459672346260360e+04 -2.510903615248283e+04
5.756885720062355e+05 4.455302122507364e+04 -2.518856845033946e+04
5.782358665726345e+05 4.450966506800269e+04 -2.526605495400958e+04
5.807831611390340e+05 4.446667793429593e+04 -2.534152462873210e+04
5.833304557054332e+05 4.442408217622549e+04 -2.541500645340921e+04
5.858777502718326e+05 4.438189955792713e+04 -2.548652941530440e+04
5.884250448382316e+05 4.434015125792723e+04 -2.555612250454421e+04
5.909723394046311e+05 4.429885787171761e+04 -2.562381470840159e+04
5.935196339710302e+05 4.425803941439420e+04 -2.568963500540376e+04
5.960669285374295e+05 4.421771532337487e+04 -2.575361235926272e+04
5.986142231038287e+05 4.417790446120925e+04 -2.581577571263495e+04
6.011615176702281e+05 4.413862511849327e+04 -2.587615398075800e+04
6.037088122366273e+05 4.409989501689914e+04 -2.593477604493513e+04
6.062561068030266e+05 4.406173131233023e+04 -2.599167074591728e+04
6.088034013694259e+05 4.402415059821015e+04 -2.604686687717743e+04
6.113506959358252e+05 4.398716890891257e+04 -2.610039317810083e+04
6.138979905022245e+05 4.395080172333887e+04 -2.615227832710241e+04
6.164452850686237e+05 4.391506396864848e+04 -2.620255093468600e+04
6.189925796350230e+05 4.387997002414655e+04 -2.625123953645209e+04
6.215398742014222e+05 4.384553372533234e+04 -2.629806123422544e+04
6.240871687678216e+05 4.381176836811074e+04 -2.634366325265158e+04
6.266344633342208e+05 4.377868671316873e+04 -2.638776632092866e+04
6.291817579006201e+05 4.374630099051766e+04 -2.643039860465792e+04
6.317290524670193e+05 4.371462290420158e+04 -2.647158815940530e+04
6.342763470334187e+05 4.368366363717098e+04 -2.651136292372993e+04
6.368236415998179e+05 4.365343385632090e+04 -2.654975071224730e+04
6.393709361662172e+05 4.362394371769140e+04 -2.658677920873966e+04
6.419182307326164e+05 4.359520287182833e+04 -2.662247595935794e+04
6.444655252990158e+05 4.356722046930125e+04 -2.665686836586741e+04
6.470128198654150e+05 4.354000516637521e+04 -2.668998367899795e+04
6.495601144318143e+05 4.351356513083269e+04 -2.672184899188119e+04
6.521074089982135e+05 4.348790804794138e+04 -2.675249123359242e+04
6.546547035646129e+05 4.346304112656316e+04 -2.678193716280333e+04
6.572019981310121e+05 4.343897110539957e+04 -2.681021336154970e+04
6.597492926974114e+05 4.341570425936834e+04 -2.683734622912870e+04
6.622965872638107e+05 4.339324640610562e+04 -2.686336197612564e+04
6.648438818302100e+05 4.337160291258823e+04 -2.688828661858582e+04
6.673911763966092e+05 4.335077870187002e+04 -2.691214597231691e+04
6.699384709630085e+05 4.333077825992614e+04 -2.693496564735498e+04
6.724857655294078e+05 4.331160564259918e+04 -2.695677104257840e+04
6.750330600958070e+05 4.329326448264073e+04 -2.697758734048243e+04
6.775803546622063e+05 4.327575799684214e+04 -2.699743950211272e+04
6.801276492286056e+05 4.325908899324752e+04 -2.701635226217130e+04
6.826749437950049e+05 4.324325987844304e+04 -2.703435012428973e+04
6.852222383614040e+05 4.322827266491557e+04 -2.705145735646886e+04
6.877695329278033e+05 4.321412897847423e+04 -2.706769798670405e+04
6.903168274942026e+05 4.320083006572824e+04 -2.708309579877503e+04
6.928641220606018e+05 4.318837680161468e+04 -2.709767432822609e+04
6.954114166270011e+05 4.317676969696953e+04 -2.711145685851424e+04
6.979587111934004e+05 4.316600890613573e+04 -2.712446641734333e+04
7.005060057597997e+05 4.315609423460174e+04 -2.713672577318001e+04
7.030533003261989e+05 4.314702514666456e+04 -2.714825743194604e+04
7.056005948925982e+05 4.313880077311109e+04 -2.715908363389743e+04
7.081478894589975e+05 4.313141991891137e+04 -2.716922635068042e+04
7.106951840253967e+05 4.312488107091842e+04 -2.717870728256605e+04
7.132424785917960e+05 4.311918240556851e+04 -2.718754785586926e+04
7.157897731581953e+05 4.311432179657618e+04 -2.719576922054147e+04
7.183370677245945e+05 4.311029682261873e+04 -2.720339224794239e+04
7.208843622909939e+05 4.310710477500473e+04 -2.721014301011934e+04
7.234316568573931e+05 4.310474266532136e+04 -2.721662771942624e+04
7.259789514237925e+05 4.310320723305540e+04 -2.722257499217264e+04
7.285262459901916e+05 4.310249495318337e+04 -2.722800456646089e+04
7.310735405565910e+05 4.310260204372574e+04 -2.723293589324549e+04
7.336208351229902e+05 4.310352447326083e+04 -2.723738813513208e+04
7.361681296893895e+05 4.310525796839402e+04 -2.724138016532614e+04
7.387154242557887e+05 4.310779802117826e+04 -2.724493056675046e+04
7.412627188221881e+05 4.311113989648136e+04 -2.724805763131568e+04
7.438100133885873e+05 4.311527863929702e+04 -2.725077935934613e+04
7.463573079549867e+05 4.312020908199502e+04 -2.725311345915702e+04
7.489046025213859e+05 4.312592585150773e+04 -2.725507734676727e+04
7.514518970877851e+05 4.313242337644951e+04 -2.725668814578454e+04
7.539991916541843e+05 4.313969589416562e+04 -2.725796268739951e+04
7.565464862205837e+05 4.314773745770768e+04 -2.725891751053913e+04
7.590937807869829e+05 4.315654194273329e+04 -2.725956886214187e+04
7.616410753533823e+05 4.316610305432655e+04 -2.725993269757460e+04
7.641883699197815e+05 4.317641433373756e+04 -2.726002468117252e+04
7.667356644861806e+05 4.318746916503800e+04 -2.725986018689423e+04
7.692829590525801e+05 4.319926078169121e+04 -2.725945429911456e+04
7.718302536189792e+05 4.321178227303438e+04 -2.725882181351862e+04
7.743775481853785e+05 4.322502659067100e+04 -2.725797723812077e+04
7.769248427517778e+05 4.323898655477207e+04 -2.725693479438180e+04
7.794721373181771e+05 4.325365486028431e+04 -2.725570841844487e+04
7.820194318845765e+05 4.326902408304392e+04 -2.725431176246801e+04
7.845667264509756e+05 4.328508668579483e+04 -2.725275819604772e+04
7.871140210173748e+05 4.330183502410990e+04 -2.725106080776034e+04
7.896613155837742e+05 4.331926135221443e+04 -2.724923240677084e+04
7.922086101501734e+05 4.333735782871079e+04 -2.724728552454436e+04
7.947559047165727e+05 4.335611652220349e+04 -2.724523241664200e+04
7.973031992829720e+05 4.337552941682396e+04 -2.724308506460012e+04
7.998504938493713e+05 4.339558841765452e+04 -2.724085517787553e+04
8.023977884157704e+05 4.341628535605122e+04 -2.723855419588458e+04
8.049450829821698e+05 4.343761199486472e+04 -2.723619329010252e+04
8.074923775485690e+05 4.345956003355964e+04 -2.723378336623069e+04
8.100396721149684e+05 4.348212111323167e+04 -2.723133506643934e+04
8.125869666813676e+05 4.350528682152271e+04 -2.722885877166280e+04
8.151342612477669e+05 4.352904869743379e+04 -2.722636460396144e+04
8.176815558141662e+05 4.355339823603607e+04 -2.722386242892957e+04
8.202288503805654e+05 4.357832689308024e+04 -2.722136185817407e+04
8.227761449469647e+05 4.360382608950417e+04 -2.721887225182450e+04
8.253234395133640e+05 4.362988721583944e+04 -2.721640272110920e+04
8.278707340797633e+05 4.365650163651723e+04 -2.721367908242683e+04
8.304180286461626e+05 4.368366069407384e+04 -2.721127343331433e+04
8.329653232125619e+05 4.371135571325646e+04 -2.720891371027126e+04
8.355126177789611e+05 4.373957800502970e+04 -2.720660805537718e+04
8.380599123453603e+05 4.376831887048381e+04 -2.720436437525851e+04
8.406072069117596e+05 4.379756960464490e+04 -2.720219034389015e+04
8.431545014781589e+05 4.382732150018819e+04 -2.720009340541776e+04
8.457017960445582e+05 4.385756585105508e+04 -2.719808077701262e+04
8.482490906109575e+05 4.388829395597464e+04 -2.719615945175314e+04
8.507963851773568e+05 4.391949712189072e+04 -2.719433620152022e+04
8.533436797437561e+05 4.395116666729549e+04 -2.719261757992506e+04
8.558909743101551e+05 4.398329392546994e+04 -2.719100992524342e+04
8.584382688765544e+05 4.401587024763336e+04 -2.718951936337293e+04
8.609855634429537e+05 4.404888700600169e+04 -2.718815181080950e+04
8.635328580093530e+05 4.408233559675626e+04 -2.718691297761953e+04
8.660801525757523e+05 4.411620744292444e+04 -2.718580837044181e+04
8.686274471421517e+05 4.415049399717226e+04 -2.718484329548418e+04
8.711747417085510e+05 4.418518674451119e+04 -2.718402286153609e+04
8.737220362749500e+05 4.422027720491947e+04 -2.718335198297854e+04
8.762693308413494e+05 4.425575693587951e+04 -2.718283538280084e+04
8.788166254077486e+05 4.429161753483238e+04 -2.718247759562626e+04
8.813639199741480e+05 4.432785064155054e+04 -2.718228297072629e+04
8.839112145405472e+05 4.436444794043022e+04 -2.718225567503751e+04
8.864585091069466e+05 4.440140116270437e+04 -2.718239969618341e+04
8.890058036733458e+05 4.443870208857756e+04 -2.718271884548060e+04
8.915530982397450e+05 4.447634254928393e+04 -2.718321676094998e+04
8.941003928061442e+05 4.451431442906970e+04 -2.718389691031463e+04
8.966476873725436e+05 4.455260966710091e+04 -2.718476259399114e+04
8.991949819389428e+05 4.459122025929826e+04 -2.718581694807670e+04
9.017422765053422e+05 4.463013826009975e+04 -2.718706294731740e+04
9.042895710717414e+05 4.466935578415276e+04 -2.718850340807510e+04
9.068368656381408e+05 4.470886500793650e+04 -2.719014099127554e+04
9.093841602045399e+05 4.474865817131615e+04 -2.719197820534075e+04
9.119314547709392e+05 4.478872757903013e+04 -2.719401740911838e+04
9.144787493373385e+05 4.482906560211111e+04 -2.719626081478283e+04
9.170260439037378e+05 4.486966467924310e+04 -2.719871049073026e+04
9.195733384701371e+05 4.491051731805427e+04 -2.720136836444616e+04
9.221206330365364e+05 4.495161609634842e+04 -2.720423622537042e+04
9.246679276029357e+05 4.499295366327473e+04 -2.720731572772872e+04
9.272152221693348e+05 4.503452274043831e+04 -2.721060839335002e+04
9.297625167357342e+05 4.507631612295165e+04 -2.721411561446974e+04
9.323098113021334e+05 4.511832668042898e+04 -2.721783865650258e+04
9.348571058685327e+05 4.516054735792425e+04 -2.722177866080292e+04
9.374044004349320e+05 4.520297117681387e+04 -2.722566581949071e+04
9.399516950013314e+05 4.524559123562577e+04 -2.723004047593339e+04
9.424989895677306e+05 4.528840071081549e+04 -2.723463478952445e+04
9.450462841341296e+05 4.533139285749059e+04 -2.723944943245224e+04
9.475935787005291e+05 4.537456101008453e+04 -2.724448496628011e+04
9.501408732669284e+05 4.541789858298124e+04 -2.724974184457014e+04
9.526881678333275e+05 4.546139907109104e+04 -2.725522041546735e+04
9.552354623997268e+05 4.550505605037967e+04 -2.726092092427375e+04
9.577827569661260e+05 4.554886317835093e+04 -2.726684351597922e+04
9.603300515325256e+05 4.559281419448419e+04 -2.727298823778736e+04
9.628773460989246e+05 4.563690292062804e+04 -2.727935504159444e+04
9.654246406653238e+05 4.568112326135058e+04 -2.728594378645341e+04
9.679719352317232e+05 4.572546920424813e+04 -2.729275424100705e+04
9.705192297981225e+05 4.576993482021269e+04 -2.729978608589582e+04
9.730665243645218e+05 4.581451426365953e+04 -2.730703891613697e+04
9.756138189309210e+05 4.585920177271564e+04 -2.731451224347229e+04
9.781611134973203e+05 4.590399166937061e+04 -2.732220549869773e+04
9.807084080637195e+05 4.594887835958989e+04 -2.733011803394976e+04
9.832557026301188e+05 4.599385633339249e+04 -2.733824912497913e+04
9.858029971965180e+05 4.603892016489316e+04 -2.734659797338405e+04
9.883502917629175e+05 4.608406451231070e+04 -2.735516370882422e+04
9.908975863293167e+05 4.612928411794249e+04 -2.736394539119185e+04
9.934448808957160e+05 4.617457380810734e+04 -2.737294201277531e+04
9.959921754621150e+05 4.621992849305606e+04 -2.738215250037321e+04
9.985394700285145e+05 4.626534316685198e+04 -2.739157571738605e+04
1.001086764594914e+06 4.631081290722141e+04 -2.740121046588765e+04
1.003634059161313e+06 4.635633287537530e+04 -2.741105548865556e+04
1.006181353727712e+06 4.640189831580278e+04 -2.742110947117318e+04
1.008728648294112e+06 4.644750455603759e+04 -2.743137104361268e+04
1.011275942860511e+06 4.649314700639766e+04 -2.744183878277958e+04
1.013823237426910e+06 4.653882115969981e+04 -2.745251121402830e+04
1.016370531993309e+06 4.658452259094884e+04 -2.746338681314913e+04
1.018917826559709e+06 4.663024695700295e+04 -2.747446400823419e+04
1.021465121126108e+06 4.667598999621590e+04 -2.748574118150128e+04
1.024012415692507e+06 4.672174752805645e+04 -2.749721667109621e+04
1.026559710258906e+06 4.676751545270611e+04 -2.750888877286331e+04
1.029107004825306e+06 4.681328975063569e+04 -2.752075574209129e+04
1.031654299391705e+06 4.685906648216177e+04 -2.753281579522383e+04
1.034201593958104e+06 4.690484178698318e+04 -2.754506711154372e+04
1.036748888524503e+06 4.695061188369872e+04 -2.755750783483372e+04
1.039296183090903e+06 4.699637306930668e+04 -2.757013607499481e+04
1.041843477657302e+06 4.704212171868638e+04 -2.758294990965574e+04
1.044390772223701e+06 4.708785428406339e+04 -2.759594738573503e+04
1.046938066790101e+06 4.713356729445777e+04 -2.760912652098617e+04
1.049485361356500e+06 4.717925735511725e+04 -2.762248530551017e+04
1.052032655922899e+06 4.722492114693491e+04 -2.763576115909093e+04
1.054579950489298e+06 4.727055542585274e+04 -2.764947121209382e+04
1.057127245055698e+06 4.731615702225129e+04 -2.766335472429352e+04
1.059674539622097e+06 4.736172284032611e+04 -2.767740958974419e+04
1.062221834188496e+06 4.740724985745143e+04 -2.769163368199578e+04
1.064769128754896e+06 4.745273512353208e+04 -2.770602485544593e+04
1.067316423321295e+06 4.749817576034363e+04 -2.772058094666331e+04
1.069863717887694e+06 4.754356896086159e+04 -2.773529977567642e+04
1.072411012454093e+06 4.758891198858042e+04 -2.775017914724532e+04
1.074958307020493e+06 4.763420217682236e+04 -2.776521685209913e+04
1.077505601586892e+06 4.767943692803724e+04 -2.778041066815343e+04
1.080052896153291e+06 4.772461371309301e+04 -2.779575836169872e+04
1.082600190719691e+06 4.776973007055842e+04 -2.781125768855996e+04
1.085147485286090e+06 4.781478360597733e+04 -2.782690639523919e+04
1.087694779852489e+06 4.785977199113618e+04 -2.784270222001982e+04
1.090242074418888e+06 4.790469296332391e+04 -2.785864289406230e+04
1.092789368985288e+06 4.794954432458610e+04 -2.787472614245828e+04
1.095336663551687e+06 4.799432394097260e+04 -2.789094968527068e+04
1.097883958118086e+06 4.803902974177995e+04 -2.790731123854718e+04
1.100431252684485e+06 4.808365971878838e+04 -2.792380851530410e+04
1.102978547250885e+06 4.812821192549440e+04 -2.794043922649479e+04
1.105525841817284e+06 4.817268447633893e+04 -2.795720108194884e+04
1.108073136383683e+06 4.821707554593156e+04 -2.797409179128686e+04
1.110620430950082e+06 4.826138336827151e+04 -2.799110906481933e+04
1.113167725516482e+06 4.830560623596514e+04 -2.800825061440865e+04
1.115715020082881e+06 4.834974249944124e+04 -2.802551415432825e+04
1.118262314649280e+06 4.839379056616343e+04 -2.804289740207457e+04
1.120809609215680e+06 4.843774889984116e+04 -2.806039807918364e+04
1.123356903782079e+06 4.848161601963858e+04 -2.807801391199971e+04
1.125904198348478e+06 4.852539049938238e+04 -2.809574263244367e+04
1.128451492914877e+06 4.856907096676862e+04 -2.811358197874721e+04
1.130998787481277e+06 4.861265610256913e+04 -2.813152969616954e+04
1.133546082047676e+06 4.865614463983728e+04 -2.814958353769273e+04
1.136093376614075e+06 4.869953536311394e+04 -2.816774126469978e+04
1.138640671180474e+06 4.874282710763397e+04 -2.818600064762090e+04
1.141187965746874e+06 4.878601875853287e+04 -2.820435946658089e+04
1.143735260313273e+06 4.882910925005484e+04 -2.822281551200098e+04
1.146282554879672e+06 4.887209756476156e+04 -2.824136658520218e+04
1.148829849446072e+06 4.891498273274281e+04 -2.826001049897816e+04
1.151377144012471e+06 4.895776383082866e+04 -2.827874507814968e+04
1.153924438578870e+06 4.900043998180359e+04 -2.829756816010461e+04
1.156471733145269e+06 4.904301035362298e+04 -2.831647759532006e+04
1.159019027711669e+06 4.908547415863207e+04 -2.833547124785839e+04
1.161566322278068e+06 4.912783065278744e+04 -2.835454699585142e+04
1.164113616844467e+06 4.917007913488177e+04 -2.837370273196578e+04
1.166660911410866e+06 4.921221894577152e+04 -2.839293636385447e+04
1.169208205977266e+06 4.925424946760807e+04 -2.841199560839049e+04
1.171755500543665e+06 4.929617012307252e+04 -2.843137717794540e+04
1.174302795110064e+06 4.933798037461429e+04 -2.845083045320970e+04
1.176850089676463e+06 4.937967972369358e+04 -2.847035340589568e+04
1.179397384242863e+06 4.942126771002822e+04 -2.848994402468398e+04
1.181944678809262e+06 4.946274391084474e+04 -2.850960031557294e+04
1.184491973375661e+06 4.950410794013398e+04 -2.852932030221940e+04
1.187039267942060e+06 4.954535944791176e+04 -2.854910202624775e+04
1.189586562508460e+06 4.958649811948380e+04 -2.856894354755986e+04
1.192133857074859e+06 4.962752367471629e+04 -2.858884294461823e+04
1.194681151641258e+06 4.966843586731142e+04 -2.860879831472719e+04
1.197228446207657e+06 4.970923448408809e+04 -2.862880777428153e+04
1.199775740774057e+06 4.974991934426845e+04 -2.864886945902486e+04
1.202323035340456e+06 4.979049029876980e+04 -2.866898152427411e+04
1.204870329906855e+06 4.983094722950226e+04 -2.868914214513800e+04
1.207417624473255e+06 4.987129004867248e+04 -2.870934951672632e+04
1.209964919039654e+06 4.991151869809326e+04 -2.872960185434056e+04
1.212512213606053e+06 4.995163314849909e+04 -2.874989739365236e+04
1.215059508172452e+06 4.999163339886827e+04 -2.877023439087425e+04
1.217606802738852e+06 5.003151947575111e+04 -2.879061112291365e+04
1.220154097305251e+06 5.007129143260445e+04 -2.881102588751482e+04
1.222701391871650e+06 5.011094934913304e+04 -2.883147700339398e+04
1.225248686438049e+06 5.015049333063720e+04 -2.885196281035546e+04
1.227795981004449e+06 5.018992350736725e+04 -2.887248166940471e+04
1.230343275570848e+06 5.022924003388482e+04 -2.889303196284388e+04
1.232890570137247e+06 5.026844308843084e+04 -2.891361209436099e+04
1.235437864703647e+06 5.030753287230048e+04 -2.893422048910923e+04
1.237985159270046e+06 5.034650960922520e+04 -2.895485559376838e+04
1.240532453836445e+06 5.038537354476153e+04 -2.897551587660793e+04
1.243079748402844e+06 5.042412494568722e+04 -2.899619982752743e+04
1.245627042969244e+06 5.046276409940449e+04 -2.901690595810387e+04
1.248174337535643e+06 5.050129131335025e+04 -2.903763280160867e+04
1.250721632102042e+06 5.053970691441383e+04 -2.905837891303869e+04
1.253268926668442e+06 5.057801124836178e+04 -2.907914286911795e+04
1.255816221234841e+06 5.061620467927019e+04 -2.909992326830221e+04
1.258363515801240e+06 5.065428758896403e+04 -2.912071873077704e+04
1.260910810367639e+06 5.069226037646420e+04 -2.914152789843592e+04
1.263458104934039e+06 5.073012345744179e+04 -2.916234943486436e+04
1.266005399500438e+06 5.076787726367977e+04 -2.918318202530683e+04
1.268552694066837e+06 5.080552224254217e+04 -2.920402437662394e+04
1.271099988633237e+06 5.084305885645073e+04 -2.922487521725891e+04
1.273647283199636e+06 5.088048758236882e+04 -2.924573329717484e+04
1.276194577766035e+06 5.091780891129312e+04 -2.926659738779965e+04
1.278741872332434e+06 5.095502334775261e+04 -2.928746628196136e+04
1.281289166898834e+06 5.099213140931499e+04 -2.930833879381669e+04
1.283836461465233e+06 5.102913362610075e+04 -2.932921375876277e+04
1.286383756031632e+06 5.106603054030459e+04 -2.935009003336743e+04
1.288931050598032e+06 5.110282270572428e+04 -2.937096649526787e+04
1.291478345164431e+06 5.113951068729712e+04 -2.939184204307435e+04
1.294025639730830e+06 5.117609506064370e+04 -2.941247258151031e+04
1.296572934297229e+06 5.121257641161921e+04 -2.943334164239549e+04
1.299120228863629e+06 5.124895533587201e+04 -2.945420660417133e+04
1.301667523430028e+06 5.128523243840991e+04 -2.947506644826436e+04
1.304214817996427e+06 5.132140833317339e+04 -2.949592017652325e+04
1.306762112562826e+06 5.135748364261656e+04 -2.951676681107173e+04
1.309309407129226e+06 5.139345899729509e+04 -2.953760539419390e+04
1.311856701695625e+06 5.142933503546193e+04 -2.955843498818983e+04
1.314403996262024e+06 5.146511240266971e+04 -2.957925467523911e+04
1.316951290828423e+06 5.150079175138076e+04 -2.960006355725206e+04
1.319498585394823e+06 5.153637374058430e+04 -2.962086075572440e+04
1.322045879961222e+06 5.157185903542056e+04 -2.964164541158604e+04
1.324593174527621e+06 5.160724830681236e+04 -2.966241668504205e+04
1.327140469094021e+06 5.164254223110342e+04 -2.968317375542123e+04
1.329687763660420e+06 5.167774148970396e+04 -2.970391582100235e+04
1.332235058226819e+06 5.171284676874328e+04 -2.972464209886038e+04
1.334782352793218e+06 5.174785875872913e+04 -2.974535182469323e+04
1.337329647359618e+06 5.178277815421409e+04 -2.976604425264704e+04
1.339876941926017e+06 5.181760565346889e+04 -2.978671865515170e+04
1.342424236492416e+06 5.185234195816235e+04 -2.980737432273373e+04
1.344971531058816e+06 5.188698777304828e+04 -2.982801056384752e+04
1.347518825625215e+06 5.192154380565882e+04 -2.984862670468943e+04
1.350066120191614e+06 5.195601076600475e+04 -2.986922208901215e+04
1.352613414758013e+06 5.199038936628214e+04 -2.988979607794530e+04
1.355160709324413e+06 5.202468032058566e+04 -2.991034804980797e+04
1.357708003890812e+06 5.205888434462829e+04 -2.993087739991242e+04
1.360255298457211e+06 5.209300215546758e+04 -2.995138354038237e+04
1.362802593023610e+06 5.212703447123812e+04 -2.997186589995627e+04
1.365349887590010e+06 5.216098201089047e+04 -2.999232392379637e+04
1.367897182156409e+06 5.219484549393621e+04 -3.001275707329080e+04
1.370444476722808e+06 5.222862564019914e+04 -3.003316482586023e+04
1.372991771289208e+06 5.226232316957278e+04 -3.005354667476098e+04
1.375539065855607e+06 5.229593880178381e+04 -3.007390212888088e+04
1.378086360422006e+06 5.232947325616136e+04 -3.009423071255382e+04
1.380633654988405e+06 5.236292725141261e+04 -3.011453196534204e+04
1.383180949554804e+06 5.239630150540370e+04 -3.013480544185179e+04
1.385728244121204e+06 5.242959673494700e+04 -3.015505071151908e+04
1.388275538687603e+06 5.246281365559375e+04 -3.017526735842092e+04
1.390822833254002e+06 5.249595298143234e+04 -3.019545498105900e+04
1.393370127820402e+06 5.252901542489254e+04 -3.021561319217241e+04
1.395917422386801e+06 5.256200169655477e+04 -3.023574161852080e+04
1.398464716953200e+06 5.259491250496518e+04 -3.025583990069185e+04
1.401012011519599e+06 5.262774855645598e+04 -3.027590769289171e+04
1.403559306085999e+06 5.266051055497106e+04 -3.029594466274776e+04
1.406106600652398e+06 5.269319920189695e+04 -3.031595049110095e+04
1.408653895218797e+06 5.272581519589895e+04 -3.033592487180613e+04
1.411201189785196e+06 5.275835923276208e+04 -3.035586751152858e+04
1.413748484351596e+06 5.279083200523764e+04 -3.037577812953999e+04
1.416295778917995e+06 5.282323420289420e+04 -3.039565645752009e+04
1.418843073484394e+06 5.285556651197378e+04 -3.041550223935484e+04
1.421390368050793e+06 5.288782961525267e+04 -3.043507962680469e+04
1.423937662617193e+06 5.292002419190711e+04 -3.045485832684910e+04
1.426484957183592e+06 5.295215091738391e+04 -3.047460377907657e+04
1.429032251749991e+06 5.298421046327496e+04 -3.049431577418218e+04
1.431579546316391e+06 5.301620349719717e+04 -3.051399411406466e+04
1.434126840882790e+06 5.304813068267616e+04 -3.053363861163550e+04
1.436674135449189e+06 5.307999267903483e+04 -3.055324909061812e+04
1.439221430015588e+06 5.311179014128608e+04 -3.057282538535492e+04
1.441768724581988e+06 5.314352372002963e+04 -3.059236734060708e+04
1.444316019148387e+06 5.317519406135332e+04 -3.061187481136927e+04
1.446863313714786e+06 5.320680180673844e+04 -3.063134766266868e+04
1.449410608281185e+06 5.323834759296907e+04 -3.065078576938163e+04
1.451957902847585e+06 5.326983205204529e+04 -3.067018901603538e+04
1.454505197413984e+06 5.330125581110057e+04 -3.068955729662546e+04
1.457052491980383e+06 5.333261949232282e+04 -3.070889051442160e+04
1.459599786546783e+06 5.336392371287928e+04 -3.072818858178796e+04
1.462147081113182e+06 5.339516908484504e+04 -3.074745141999271e+04
1.464694375679581e+06 5.342635621513538e+04 -3.076667895902537e+04
1.467241670245980e+06 5.345748570544140e+04 -3.078587113741539e+04
1.469788964812380e+06 5.348855815216951e+04 -3.080502790204812e+04
1.472336259378779e+06 5.351957414638405e+04 -3.082414920799119e+04
1.474883553945178e+06 5.355053427375344e+04 -3.084323501830886e+04
1.477430848511577e+06 5.358143911449955e+04 -3.086228530388801e+04
1.479978143077977e+06 5.361228924335055e+04 -3.088130004326982e+04
1.482525437644376e+06 5.364308522949645e+04 -3.090027922246051e+04
1.485072732210775e+06 5.367382763654835e+04 -3.091922283477965e+04
1.487620026777175e+06 5.370451702250018e+04 -3.093813088067130e+04
1.490167321343574e+06 5.373515393969397e+04 -3.095700336754680e+04
1.492714615909973e+06 5.376573893478751e+04 -3.097584030961430e+04
1.495261910476372e+06 5.379627254872518e+04 -3.099464172771162e+04
1.497809205042772e+06 5.382675531671157e+04 -3.101340764914508e+04
1.500356499609171e+06 5.385718776818772e+04 -3.103213810752855e+04
1.502903794175570e+06 5.388757042681007e+04 -3.105083314261847e+04
1.505451088741970e+06 5.391790381043207e+04 -3.106949280016123e+04
1.507998383308369e+06 5.394818843108836e+04 -3.108811713173449e+04
1.510545677874768e+06 5.397842479498126e+04 -3.110670619458958e+04
1.513092972441167e+06 5.400861340246994e+04 -3.112526005150237e+04
1.515640267007567e+06 5.403875474806183e+04 -3.114377877061996e+04
1.518187561573966e+06 5.406884932040628e+04 -3.116226242531084e+04
1.520734856140365e+06 5.409889760229075e+04 -3.118071109402173e+04
1.523282150706765e+06 5.412890007063885e+04 -3.119912486012418e+04
1.525829445273163e+06 5.415885719651083e+04 -3.121750381177841e+04
1.528376739839563e+06 5.418876944510600e+04 -3.123584804178881e+04
1.530924034405962e+06 5.421863727576718e+04 -3.125415764745873e+04
1.533471328972361e+06 5.424846114198716e+04 -3.127243273045973e+04
1.536018623538761e+06 5.427824149141734e+04 -3.129067339669303e+04
1.538565918105160e+06 5.430797876587774e+04 -3.130887975614984e+04
1.541113212671560e+06 5.433767340136927e+04 -3.132705192278878e+04
1.543660507237958e+06 5.436732582808760e+04 -3.134519001439612e+04
1.546207801804358e+06 5.439693647043878e+04 -3.136329415245933e+04
1.548755096370757e+06 5.442650574705654e+04 -3.138136446204355e+04
1.551302390937156e+06 5.445603407082119e+04 -3.139917284748860e+04
1.553849685503556e+06 5.448552184888010e+04 -3.141717476287729e+04
1.556396980069955e+06 5.451496948266983e+04 -3.143514324148932e+04
1.558944274636354e+06 5.454437736793949e+04 -3.145307842145769e+04
1.561491569202753e+06 5.457374589477578e+04 -3.147098044387307e+04
1.564038863769153e+06 5.460307544762926e+04 -3.148884945268893e+04
1.566586158335552e+06 5.463236640534207e+04 -3.150668559459315e+04
1.569133452901951e+06 5.466161914117689e+04 -3.152448901890050e+04
1.571680747468351e+06 5.469083402284706e+04 -3.154225987744946e+04
1.574228042034750e+06 5.472001141254816e+04 -3.155999832447904e+04
1.576775336601149e+06 5.474915166699050e+04 -3.157770451653890e+04
1.579322631167548e+06 5.477825513743290e+04 -3.159537861237064e+04
1.581869925733948e+06 5.480732216971739e+04 -3.161302077281630e+04
1.584417220300347e+06 5.483635310430524e+04 -3.163063116071162e+04
1.586964514866746e+06 5.486534827631358e+04 -3.164820994078735e+04
1.589511809433145e+06 5.489430801555350e+04 -3.166575727957446e+04
1.592059103999545e+06 5.492323264656842e+04 -3.168327334530298e+04
1.594606398565944e+06 5.495212248867402e+04 -3.170075830781704e+04
1.597153693132343e+06 5.498097785599856e+04 -3.171821233847938e+04
1.599700987698743e+06 5.500979905752411e+04 -3.173563561007406e+04
1.602248282265142e+06 5.503858639712883e+04 -3.175302829673098e+04
1.604795576831541e+06 5.506734017362947e+04 -3.177039057382856e+04
1.607342871397940e+06 5.509606068082511e+04 -3.178772261791262e+04
1.609890165964340e+06 5.512474820754110e+04 -3.180502460661642e+04
1.612437460530739e+06 5.515340303767408e+04 -3.182229671857401e+04
1.614984755097138e+06 5.518202545023717e+04 -3.183953913334325e+04
1.617532049663538e+06 5.521061571940620e+04 -3.185675203132841e+04
1.620079344229937e+06 5.523917411456598e+04 -3.187393559369985e+04
1.622626638796336e+06 5.526770090035738e+04 -3.189109000232408e+04
1.625173933362735e+06 5.529619633672497e+04 -3.190821543968681e+04
1.627721227929134e+06 5.532466067896478e+04 -3.192531208882388e+04
1.630268522495534e+06 5.535309417777269e+04 -3.194238013325085e+04
1.632815817061933e+06 5.538149707929329e+04 -3.195941975689360e+04
1.635363111628332e+06 5.540986962516893e+04 -3.197643114402141e+04
1.637910406194732e+06 5.543821205258909e+04 -3.199341447918452e+04
1.640457700761131e+06 5.546652459434018e+04 -3.201036994714667e+04
1.643004995327530e+06 5.549480747885565e+04 -3.202729773282517e+04
1.645552289893929e+06 5.552306093026607e+04 -3.204419802123175e+04
1.648099584460329e+06 5.555128516844985e+04 -3.206107099740966e+04
1.650646879026728e+06 5.557948040908382e+04 -3.207791684637691e+04
1.653194173593127e+06 5.560764686369416e+04 -3.209473575307553e+04
1.655741468159527e+06 5.563578473970744e+04 -3.211152790230903e+04
1.658288762725926e+06 5.566389424050176e+04 -3.212829347869202e+04
1.660836057292325e+06 5.569197556545814e+04 -3.214503266660234e+04
1.663383351858724e+06 5.572002891001182e+04 -3.216174565012511e+04
1.665930646425124e+06 5.574805446570371e+04 -3.217843261300473e+04
1.668477940991523e+06 5.577605242023187e+04 -3.219509373859867e+04
1.671025235557922e+06 5.580402295750303e+04 -3.221172920983156e+04
1.673572530124321e+06 5.583196625768419e+04 -3.222833920915090e+04
1.676119824690721e+06 5.585988249725396e+04 -3.224492391847607e+04
1.678667119257120e+06 5.588777184905427e+04 -3.226148351916607e+04
1.681214413823519e+06 5.591563448234154e+04 -3.227801819197157e+04
1.683761708389919e+06 5.594347056283819e+04 -3.229452811699591e+04
1.686309002956318e+06 5.597128025278393e+04 -3.231079144177967e+04
1.688856297522717e+06 5.599906371098684e+04 -3.232725140106995e+04
1.691403592089116e+06 5.602682109287437e+04 -3.234368714559310e+04
1.693950886655516e+06 5.605455255054449e+04 -3.236009885248660e+04
1.696498181221915e+06 5.608225823281621e+04 -3.237648669806622e+04
1.699045475788314e+06 5.610993828528030e+04 -3.239285085778475e+04
1.701592770354714e+06 5.613759285034964e+04 -3.240919150620146e+04
1.704140064921113e+06 5.616522206730954e+04 -3.242550881695653e+04
1.706687359487512e+06 5.619282607236767e+04 -3.244180296273544e+04
1.709234654053911e+06 5.622040499870389e+04 -3.245807411524621e+04
1.711781948620310e+06 5.624795897651981e+04 -3.247432244518801e+04
1.714329243186710e+06 5.627548813308810e+04 -3.249054812222602e+04
1.716876537753109e+06 5.630299259280162e+04 -3.250675131497104e+04
1.719423832319508e+06 5.633047247722208e+04 -3.252293219094439e+04
1.721971126885907e+06 5.635792790512861e+04 -3.253909091656744e+04
1.724518421452307e+06 5.638535899256608e+04 -3.255522765713100e+04
1.727065716018706e+06 5.641276585289285e+04 -3.257134257677773e+04
1.729613010585105e+06 5.644014859682844e+04 -3.258743583848055e+04
1.732160305151505e+06 5.646750733250087e+04 -3.260350760402397e+04
1.734707599717904e+06 5.649484216549356e+04 -3.261955803398573e+04
1.737254894284303e+06 5.652215319889194e+04 -3.263558728771726e+04
1.739802188850702e+06 5.654944053332977e+04 -3.265159552333087e+04
1.742349483417102e+06 5.657670426703501e+04 -3.266758289768298e+04
1.744896777983501e+06 5.660394449587531e+04 -3.268354956635410e+04
1.747444072549900e+06 5.663116131340333e+04 -3.269949568364340e+04
1.749991367116299e+06 5.665835481090142e+04 -3.271542140254925e+04
1.752538661682699e+06 5.668552507742611e+04 -3.273132687475724e+04
1.755085956249098e+06 5.671267219985212e+04 -3.274721225063183e+04
1.757633250815497e+06 5.673979626291586e+04 -3.276307767920161e+04
1.760180545381897e+06 5.676689734925891e+04 -3.277892330815206e+04
1.762727839948296e+06 5.679397553947054e+04 -3.279474928381477e+04
1.765275134514695e+06 5.682103091213040e+04 -3.281055575115927e+04
1.767822429081094e+06 5.684806354385020e+04 -3.282634285378263e+04
1.770369723647494e+06 5.687507350931558e+04 -3.284211073390735e+04
1.772917018213893e+06 5.690206088132694e+04 -3.285785953236985e+04
1.775464312780292e+06 5.692902573084035e+04 -3.287358938861528e+04
1.778011607346692e+06 5.695596812700777e+04 -3.288930044069789e+04
1.780558901913091e+06 5.698288813721680e+04 -3.290499282526464e+04
1.783106196479490e+06 5.700978582713006e+04 -3.292066667756207e+04
1.785653491045889e+06 5.703666126072428e+04 -3.293632213143005e+04
1.788200785612288e+06 5.706351450032854e+04 -3.295195931929472e+04
1.790748080178688e+06 5.709034560666252e+04 -3.296757837217113e+04
1.793295374745087e+06 5.711715463887398e+04 -3.298317941965877e+04
1.795842669311487e+06 5.714394165457589e+04 -3.299876258993978e+04
1.798389963877886e+06 5.717070670988302e+04 -3.301432800978108e+04
1.800937258444285e+06 5.719744985944840e+04 -3.302987580453503e+04
1.803484553010684e+06 5.722417115649878e+04 -3.304540609813212e+04
1.806031847577083e+06 5.725087065287006e+04 -3.306091901309061e+04
1.808579142143483e+06 5.727754839904209e+04 -3.307641467051271e+04
1.811126436709882e+06 5.730420444417301e+04 -3.309189319009107e+04
1.813673731276282e+06 5.733083883613323e+04 -3.310735469010169e+04
1.816221025842681e+06 5.735745162153878e+04 -3.312279928741865e+04
1.818768320409080e+06 5.738404284578416e+04 -3.313822709750956e+04
1.821315614975479e+06 5.741061255307515e+04 -3.315363823443998e+04
1.823862909541878e+06 5.743716078646054e+04 -3.316881690422833e+04
1.826410204108278e+06 5.746368758786395e+04 -3.318419412554542e+04
1.828957498674677e+06 5.749019299811470e+04 -3.319955500500284e+04
1.831504793241076e+06 5.751667705697868e+04 -3.321489965110218e+04
1.834052087807476e+06 5.754313980318840e+04 -3.323022817096434e+04
1.836599382373875e+06 5.756958127447267e+04 -3.324554067034166e+04
1.839146676940274e+06 5.759600150758606e+04 -3.326083725361730e+04
1.841693971506673e+06 5.762240053833742e+04 -3.327611802381671e+04
1.844241266073073e+06 5.764877840161861e+04 -3.329138308261178e+04
1.846788560639472e+06 5.767513513143187e+04 -3.330663253032865e+04
1.849335855205871e+06 5.770147076091781e+04 -3.332186646595370e+04
1.851883149772271e+06 5.772778532238192e+04 -3.333708498714484e+04
1.854430444338670e+06 5.775407884732147e+04 -3.335228819023559e+04
1.856977738905069e+06 5.778035136645130e+04 -3.336747617024375e+04
1.859525033471468e+06 5.780660290972967e+04 -3.338264902088000e+04
1.862072328037868e+06 5.783283350638329e+04 -3.339780683455824e+04
1.864619622604267e+06 5.785904318493218e+04 -3.341294970240582e+04
1.867166917170666e+06 5.788523197321394e+04 -3.342807771426441e+04
1.869714211737065e+06 5.791139989840763e+04 -3.344319095870883e+04
1.872261506303465e+06 5.793754698705713e+04 -3.345828952305172e+04
1.874808800869864e+06 5.796367326509429e+04 -3.347337349335202e+04
1.877356095436263e+06 5.798977875786142e+04 -3.348844295443241e+04
1.879903390002663e+06 5.801586349013349e+04 -3.350349798987756e+04
1.882450684569062e+06 5.804192748613967e+04 -3.351853868205442e+04
1.884997979135461e+06 5.806797076958494e+04 -3.353356511211848e+04
1.887545273701860e+06 5.809399336367079e+04 -3.354857736002283e+04
1.890092568268259e+06 5.811999529111578e+04 -3.356357550453465e+04
1.892639862834659e+06 5.814597657417542e+04 -3.357855962323719e+04
1.895187157401058e+06 5.817193723466220e+04 -3.359352979254927e+04
1.897734451967458e+06 5.819787729396451e+04 -3.360848608773253e+04
1.900281746533857e+06 5.822379677306564e+04 -3.362342858290095e+04
1.902829041100256e+06 5.824969569256221e+04 -3.363835735103418e+04
1.905376335666655e+06 5.827557407268237e+04 -3.365327246399174e+04
1.907923630233055e+06 5.830143193330329e+04 -3.366817399251818e+04
1.910470924799454e+06 5.832726929396851e+04 -3.368306200625948e+04
1.913018219365853e+06 5.835308617390507e+04 -3.369793657377498e+04
1.915565513932252e+06 5.837888259203963e+04 -3.371279776254453e+04
1.918112808498651e+06 5.840465856701512e+04 -3.372764563898555e+04
1.920660103065051e+06 5.843041411720616e+04 -3.374248026846144e+04
1.923207397631450e+06 5.845614926073470e+04 -3.375730171529421e+04
1.925754692197849e+06 5.848186401548500e+04 -3.377211004277910e+04
1.928301986764249e+06 5.850755839911841e+04 -3.378690531319293e+04
1.930849281330648e+06 5.853323242908763e+04 -3.380168758780789e+04
1.933396575897047e+06 5.855888612265086e+04 -3.381645692690261e+04
1.935943870463446e+06 5.858451949688538e+04 -3.383121338977716e+04
1.938491165029846e+06 5.861013256870082e+04 -3.384595703476224e+04
1.941038459596245e+06 5.863572535485226e+04 -3.386068791923186e+04
1.943585754162644e+06 5.866129787195291e+04 -3.387540609961697e+04
1.946133048729044e+06 5.868685013648626e+04 -3.389011163141434e+04
1.948680343295443e+06 5.871238216481823e+04 -3.390480456920469e+04
1.951227637861842e+06 5.873789397320883e+04 -3.391948496665826e+04
1.953774932428241e+06 5.876338557782350e+04 -3.393415287655224e+04
1.956322226994641e+06 5.878885699474418e+04 -3.394880835077965e+04
1.958869521561040e+06 5.881430823998000e+04 -3.396345144036035e+04
1.961416816127439e+06 5.883973932947784e+04 -3.397808219546133e+04
1.963964110693838e+06 5.886515027913242e+04 -3.399270066539574e+04
1.966511405260238e+06 5.889054110479604e+04 -3.400709614135814e+04
1.969058699826637e+06 5.891591182228834e+04 -3.402168936551709e+04
1.971605994393036e+06 5.894126244740541e+04 -3.403627044537856e+04
1.974153288959435e+06 5.896659299592888e+04 -3.405083942699055e+04
1.976700583525835e+06 5.899190348363452e+04 -3.406539635561439e+04
1.979247878092234e+06 5.901719392630085e+04 -3.407994127573694e+04
1.981795172658633e+06 5.904246433971719e+04 -3.409447423108350e+04
1.984342467225032e+06 5.906771473969148e+04 -3.410899526462640e+04
1.986889761791432e+06 5.909294514205813e+04 -3.412350441860208e+04
1.989437056357831e+06 5.911815556268529e+04 -3.413800173451627e+04
1.991984350924230e+06 5.914334601748202e+04 -3.415248725316065e+04
1.994531645490630e+06 5.916851652240508e+04 -3.416696101462279e+04
1.997078940057029e+06 5.919366709346568e+04 -3.418142305829783e+04
1.999626234623428e+06 5.921879774673587e+04 -3.419587342289888e+04
2.002173529189827e+06 5.924390849835460e+04 -3.421031214646852e+04
2.004720823756227e+06 5.926899936453386e+04 -3.422473926639395e+04
2.007268118322626e+06 5.929407036156412e+04 -3.423915481941203e+04
2.009815412889025e+06 5.931912150581998e+04 -3.425355884162528e+04
2.012362707455424e+06 5.934415281376542e+04 -3.426795136850968e+04
2.014910002021824e+06 5.936916430195884e+04 -3.428233243492903e+04
2.017457296588223e+06 5.939415598705774e+04 -3.429670207514417e+04
2.020004591154622e+06 5.941912788582361e+04 -3.431106032282112e+04
2.022551885721022e+06 5.944408001512608e+04 -3.432540721104542e+04
2.025099180287421e+06 5.946901239194746e+04 -3.433974277233471e+04
2.027646474853820e+06 5.949392503338637e+04 -3.435406703864157e+04
2.030193769420220e+06 5.951881795666186e+04 -3.436838004137325e+04
2.032741063986619e+06 5.954369117911694e+04 -3.438268181139565e+04
2.035288358553018e+06 5.956854471822210e+04 -3.439697237904340e+04
2.037835653119417e+06 5.959337859157847e+04 -3.441125177413668e+04
2.040382947685817e+06 5.961819281692108e+04 -3.442552002598466e+04
2.042930242252216e+06 5.964298741212161e+04 -3.443977716339545e+04
2.045477536818615e+06 5.966776239519128e+04 -3.445402321469280e+04
2.048024831385014e+06 5.969251778428337e+04 -3.446825820771715e+04
2.050572125951414e+06 5.971725359769568e+04 -3.448248216984289e+04
2.053119420517813e+06 5.974196985387269e+04 -3.449669512798241e+04
2.055666715084212e+06 5.976666657140789e+04 -3.451089710859869e+04
2.058214009650612e+06 5.979134376904552e+04 -3.452508813771416e+04
2.060761304217011e+06 5.981600146568241e+04 -3.453926824091741e+04
2.063308598783410e+06 5.984063968036982e+04 -3.455343744337978e+04
2.065855893349809e+06 5.986525843231472e+04 -3.456759576985166e+04
2.068403187916208e+06 5.988985774088129e+04 -3.458174324468633e+04
2.070950482482608e+06 5.991443762559222e+04 -3.459587989183629e+04
2.073497777049007e+06 5.993899810612974e+04 -3.461000573487200e+04
2.076045071615407e+06 5.996353920233663e+04 -3.462412079698021e+04
2.078592366181806e+06 5.998806093421699e+04 -3.463822510098349e+04
2.081139660748205e+06 6.001256332193721e+04 -3.465231866934017e+04
2.083686955314604e+06 6.003704638582629e+04 -3.466640152415616e+04
2.086234249881004e+06 6.006151014637660e+04 -3.468047368719494e+04
2.088781544447403e+06 6.008595462424414e+04 -3.469453517987907e+04
2.091328839013802e+06 6.011037984024878e+04 -3.470858602330789e+04
2.093876133580201e+06 6.013478581537453e+04 -3.472262623825695e+04
2.096423428146600e+06 6.015917257076955e+04 -3.473665584518832e+04
2.098970722713000e+06 6.018354012774618e+04 -3.475067486426199e+04
2.101518017279399e+06 6.020788850778062e+04 -3.476468331533670e+04
2.104065311845798e+06 6.023221773251292e+04 -3.477868121798638e+04
2.106612606412197e+06 6.025652782374658e+04 -3.479266859149531e+04
2.109159900978597e+06 6.028081880344808e+04 -3.480664545487877e+04
2.111707195544996e+06 6.030509069374644e+04 -3.482040615671287e+04
2.114254490111395e+06 6.032934351693261e+04 -3.483436131062856e+04
2.116801784677795e+06 6.035357729545882e+04 -3.484830600807408e+04
2.119349079244194e+06 6.037779205193775e+04 -3.486224026702939e+04
2.121896373810593e+06 6.040198780914191e+04 -3.487616410523001e+04
2.124443668376992e+06 6.042616459000244e+04 -3.489007754017935e+04
2.126990962943392e+06 6.045032241760839e+04 -3.490398058915274e+04
2.129538257509791e+06 6.047446131520566e+04 -3.491787326920397e+04
2.132085552076190e+06 6.049858130619567e+04 -3.493175559717046e+04
2.134632846642590e+06 6.052268241413440e+04 -3.494562758968251e+04
2.137180141208989e+06 6.054676466273111e+04 -3.495948926316598e+04
2.139727435775388e+06 6.057082807584703e+04 -3.497334063385062e+04
2.142274730341787e+06 6.059487267749388e+04 -3.498718171777434e+04
2.144822024908187e+06 6.061889849183272e+04 -3.500101253078817e+04
2.147369319474586e+06 6.064290554317223e+04 -3.501483308856816e+04
2.149916614040985e+06 6.066689385596741e+04 -3.502864340661137e+04
2.152463908607384e+06 6.069086345481774e+04 -3.504244350024761e+04
2.155011203173784e+06 6.071481436446588e+04 -3.505623338464180e+04
2.157558497740183e+06 6.073874660979579e+04 -3.507001307480552e+04
2.160105792306582e+06 6.076266021583111e+04 -3.508378258559155e+04
2.162653086872981e+06 6.078655520773336e+04 -3.509754193170783e+04
2.165200381439381e+06 6.081043161080029e+04 -3.511129112771821e+04
2.167747676005780e+06 6.083428945046382e+04 -3.512503018804922e+04
2.170294970572179e+06 6.085812875228847e+04 -3.513875912699530e+04
2.172842265138579e+06 6.088194954196922e+04 -3.515247795871597e+04
2.175389559704978e+06 6.090575184532975e+04 -3.516618669725554e+04
2.177936854271377e+06 6.092953568832031e+04 -3.517988535653254e+04
2.180484148837776e+06 6.095330109701598e+04 -3.519357395035063e+04
2.183031443404176e+06 6.097704809761449e+04 -3.520725249240396e+04
2.185578737970575e+06 6.100077671643408e+04 -3.522092099628153e+04
2.188126032536974e+06 6.102448697991177e+04 -3.523457947546491e+04
2.190673327103374e+06 6.104817891460096e+04 -3.524822794334227e+04
2.193220621669773e+06 6.107185254716941e+04 -3.526186641320275e+04
2.195767916236172e+06 6.109550790439727e+04 -3.527549489824771e+04
2.198315210802571e+06 6.111914501317465e+04 -3.528911341159030e+04
2.200862505368971e+06 6.114276390049978e+04 -3.530272196625974e+04
2.203409799935370e+06 6.116636459347654e+04 -3.531632057520397e+04
2.205957094501769e+06 6.118994711931247e+04 -3.532990925129999e+04
2.208504389068169e+06 6.121351150531652e+04 -3.534348800734625e+04
2.211051683634568e+06 6.123705777889676e+04 -3.535705685607469e+04
2.213598978200967e+06 6.126058596755827e+04 -3.537061581014905e+04
2.216146272767366e+06 6.128409609890078e+04 -3.538416488217200e+04
2.218693567333766e+06 6.130758820061658e+04 -3.539770408468647e+04
2.221240861900165e+06 6.133106230048816e+04 -3.541123343017645e+04
2.223788156466564e+06 6.135451842638596e+04 -3.542475293107121e+04
2.226335451032964e+06 6.137795660626629e+04 -3.543826259975268e+04
2.228882745599363e+06 6.140137686816867e+04 -3.545176244855149e+04
2.231430040165762e+06 6.142477924021409e+04 -3.546525248975413e+04
2.233977334732161e+06 6.144816375060233e+04 -3.547873273560375e+04
2.236524629298560e+06 6.147153042760992e+04 -3.549220319830318e+04
2.239071923864960e+06 6.149487929958777e+04 -3.550566389001586e+04
2.241619218431359e+06 6.151821039495897e+04 -3.551911482287369e+04
2.244166512997758e+06 6.154152374221652e+04 -3.553255600897201e+04
2.246713807564158e+06 6.156481936992108e+04 -3.554598746037753e+04
2.249261102130557e+06 6.158809730669870e+04 -3.555940918912623e+04
2.251808396696956e+06 6.161135758123860e+04 -3.557282120723191e+04
2.254355691263356e+06 6.163460022229100e+04 -3.558622352668032e+04
2.256902985829755e+06 6.165782525866470e+04 -3.559961615943650e+04
2.259450280396154e+06 6.168103271922501e+04 -3.561279841240733e+04
2.261997574962554e+06 6.170422263289159e+04 -3.562617102800585e+04
2.264544869528952e+06 6.172739502863611e+04 -3.563953399116200e+04
2.267092164095352e+06 6.175054993548011e+04 -3.565288731377132e+04
2.269639458661751e+06 6.177368738249277e+04 -3.566623100771412e+04
2.272186753228150e+06 6.179680739878889e+04 -3.567956508486105e+04
2.274734047794550e+06 6.181991001352661e+04 -3.569288955707425e+04
2.277281342360949e+06 6.184299525590518e+04 -3.570620443620367e+04
2.279828636927348e+06 6.186606315516312e+04 -3.571950973410034e+04
2.282375931493748e+06 6.188911374057575e+04 -3.573280546260376e+04
2.284923226060146e+06 6.191214704145332e+04 -3.574609163355269e+04
2.287470520626546e+06 6.193516308713884e+04 -3.575936825878266e+04
2.290017815192945e+06 6.195816190700604e+04 -3.577263535012928e+04
2.292565109759344e+06 6.198114353045724e+04 -3.578589291942945e+04
2.295112404325744e+06 6.200410798692148e+04 -3.579914097851833e+04
2.297659698892143e+06 6.202705530585221e+04 -3.581237953924014e+04
2.300206993458542e+06 6.204998551672554e+04 -3.582560861343556e+04
2.302754288024942e+06 6.207289864903810e+04 -3.583882821295505e+04
2.305301582591340e+06 6.209579473230522e+04 -3.585203834965412e+04
2.307848877157740e+06 6.211867379605879e+04 -3.586523903539407e+04
2.310396171724140e+06 6.214153586984546e+04 -3.587843028204422e+04
2.312943466290538e+06 6.216438098322465e+04 -3.589161210148474e+04
2.315490760856938e+06 6.218720916576673e+04 -3.590478450560354e+04
2.318038055423337e+06 6.221002044705105e+04 -3.591794750629892e+04
2.320585349989736e+06 6.223281485666415e+04 -3.593110111548271e+04
2.323132644556136e+06 6.225559242419798e+04 -3.594424534507383e+04
2.325679939122535e+06 6.227835317924784e+04 -3.595738020700808e+04
2.328227233688934e+06 6.230109715141089e+04 -3.597050571323362e+04
2.330774528255334e+06 6.232382437028422e+04 -3.598362187571238e+04
2.333321822821733e+06 6.234653486546308e+04 -3.599672870641781e+04
2.335869117388132e+06 6.236922866653928e+04 -3.600982621734375e+04
2.338416411954531e+06 6.239190580309926e+04 -3.602291442049408e+04
2.340963706520930e+06 6.241456630472258e+04 -3.603599332789167e+04
2.343511001087330e+06 6.243721020098031e+04 -3.604906295157607e+04
2.346058295653729e+06 6.245983752143315e+04 -3.606212330360105e+04
2.348605590220128e+06 6.248244829562997e+04 -3.607517439604081e+04
2.351152884786528e+06 6.250504255310629e+04 -3.608821624098232e+04
2.353700179352927e+06 6.252762032338239e+04 -3.610124885053579e+04
2.356247473919326e+06 6.255018163596221e+04 -3.611427223682524e+04
2.358794768485726e+06 6.257272652033138e+04 -3.612728641199548e+04
2.361342063052125e+06 6.259525500595602e+04 -3.614029138820872e+04
2.363889357618524e+06 6.261776712228107e+04 -3.615328717764429e+04
2.366436652184923e+06 6.264026289872896e+04 -3.616627379250441e+04
2.368983946751323e+06 6.266274236469809e+04 -3.617925124500506e+04
2.371531241317722e+06 6.268520554956139e+04 -3.619221954738753e+04
2.374078535884121e+06 6.270765248266498e+04 -3.620517871190661e+04
2.376625830450520e+06 6.273008319332685e+04 -3.621812875084062e+04
2.379173125016920e+06 6.275249771083540e+04 -3.623106967648388e+04
2.381720419583319e+06 6.277489606444816e+04 -3.624400150115220e+04
2.384267714149718e+06 6.279727828339051e+04 -3.625692423717910e+04
2.386815008716118e+06 6.281964439685437e+04 -3.626983789691913e+04
2.389362303282517e+06 6.284199443399701e+04 -3.628274249274592e+04
2.391909597848916e+06 6.286432842393970e+04 -3.629563803704970e+04
2.394456892415315e+06 6.288664639576660e+04 -3.630852454224423e+04
2.397004186981714e+06 6.290894837852352e+04 -3.632140202075802e+04
2.399551481548114e+06 6.293123440121677e+04 -3.633427048504230e+04
2.402098776114513e+06 6.295350449281208e+04 -3.634712994756272e+04
2.404646070680913e+06 6.297575868223331e+04 -3.635998042080876e+04
2.407193365247312e+06 6.299799699836158e+04 -3.637282191728284e+04
2.409740659813711e+06 6.302021947003403e+04 -3.638565444950981e+04
2.412287954380110e+06 6.304242612604275e+04 -3.639828150827833e+04
2.414835248946509e+06 6.306461699513393e+04 -3.641109552643207e+04
2.417382543512909e+06 6.308679210600664e+04 -3.642390061670065e+04
2.419929838079308e+06 6.310895148731198e+04 -3.643669679167752e+04
2.422477132645707e+06 6.313109516765213e+04 -3.644948406397045e+04
2.425024427212107e+06 6.315322317557920e+04 -3.646226244620818e+04
2.427571721778506e+06 6.317533553959463e+04 -3.647503195103539e+04
2.430119016344905e+06 6.319743228814802e+04 -3.648779259110865e+04
2.432666310911304e+06 6.321951344963631e+04 -3.650054437910750e+04
2.435213605477704e+06 6.324157905240307e+04 -3.651328732771963e+04
2.437760900044103e+06 6.326362912473750e+04 -3.652602144965446e+04
2.440308194610503e+06 6.328566369487363e+04 -3.653874675763291e+04
2.442855489176901e+06 6.330768279098962e+04 -3.655146326439080e+04
2.445402783743301e+06 6.332968644120693e+04 -3.656417098267910e+04
2.447950078309700e+06 6.335167467358946e+04 -3.657686992526248e+04
2.450497372876099e+06 6.337364751614302e+04 -3.658956010491950e+04
2.453044667442499e+06 6.339560499681447e+04 -3.660224153444037e+04
2.455591962008898e+06 6.341754714349111e+04 -3.661491422663115e+04
2.458139256575297e+06 6.343947398399982e+04 -3.662757819430622e+04
2.460686551141697e+06 6.346138554610665e+04 -3.664023345029469e+04
2.463233845708095e+06 6.348328185751614e+04 -3.665288000743667e+04
2.465781140274495e+06 6.350516294587048e+04 -3.666551787858393e+04
2.468328434840894e+06 6.352702883874915e+04 -3.667814707659796e+04
2.470875729407293e+06 6.354887956366823e+04 -3.669076761435091e+04
2.473423023973693e+06 6.357071514807991e+04 -3.670337950472462e+04
2.475970318540092e+06 6.359253561937180e+04 -3.671598276061172e+04
2.478517613106491e+06 6.361434100486660e+04 -3.672857739491142e+04
2.481064907672891e+06 6.363613133182144e+04 -3.674116342053556e+04
2.483612202239290e+06 6.365790662742744e+04 -3.675374085039765e+04
2.486159496805689e+06 6.367966691880927e+04 -3.676630969742571e+04
2.488706791372089e+06 6.370141223302465e+04 -3.677886997455064e+04
2.491254085938487e+06 6.372314259706384e+04 -3.679142169471201e+04
2.493801380504887e+06 6.374485803784945e+04 -3.680396487085478e+04
2.496348675071287e+06 6.376655858223575e+04 -3.681649951593085e+04
2.498895969637685e+06 6.378824425700848e+04 -3.682902564289594e+04
2.501443264204085e+06 6.380991508888436e+04 -3.684154326471196e+04
2.503990558770484e+06 6.383157110451085e+04 -3.685405239434556e+04
2.506537853336883e+06 6.385321233046565e+04 -3.686655304476569e+04
2.509085147903283e+06 6.387483879325654e+04 -3.687904522894654e+04
2.511632442469682e+06 6.389645051932096e+04 -3.689152895986404e+04
2.514179737036081e+06 6.391804753502570e+04 -3.690400425049979e+04
2.516727031602480e+06 6.393962986666674e+04 -3.691647111383211e+04
2.519274326168879e+06 6.396119754046881e+04 -3.692892956284447e+04
2.521821620735279e+06 6.398275058258534e+04 -3.694137961052287e+04
2.524368915301678e+06 6.400428901909802e+04 -3.695382126985169e+04
2.526916209868077e+06 6.402581287601672e+04 -3.696625455381576e+04
2.529463504434477e+06 6.404732217927919e+04 -3.697867947540047e+04
2.532010799000876e+06 6.406881695475091e+04 -3.699109604759073e+04
2.534558093567275e+06 6.409029722822490e+04 -3.700350428336944e+04
2.537105388133675e+06 6.411176302542158e+04 -3.701590419571935e+04
2.539652682700073e+06 6.413321437198849e+04 -3.702829579761749e+04
2.542199977266473e+06 6.415465129350033e+04 -3.704067910204458e+04
2.544747271832872e+06 6.417607381545864e+04 -3.705305412197259e+04
2.547294566399272e+06 6.419748196329179e+04 -3.706542087037354e+04
2.549841860965671e+06 6.421887576235485e+04 -3.707777936021474e+04
2.552389155532070e+06 6.424025523792954e+04 -3.709012960445856e+04
2.554936450098469e+06 6.426162041522396e+04 -3.710247161606282e+04
2.557483744664869e+06 6.428297131937280e+04 -3.711480540798233e+04
2.560031039231268e+06 6.430430797543708e+04 -3.712713099316135e+04
2.562578333797667e+06 6.432563040840407e+04 -3.713944838454328e+04
2.565125628364067e+06 6.434693864318740e+04 -3.715175759506346e+04
2.567672922930466e+06 6.436823270462692e+04 -3.716386621721719e+04
2.570220217496865e+06 6.438951261748870e+04 -3.717615853153804e+04
2.572767512063264e+06 6.441077840646505e+04 -3.718844270261882e+04
2.575314806629663e+06 6.443203009617445e+04 -3.720071874336492e+04
2.577862101196063e+06 6.445326771116170e+04 -3.721298666666946e+04
2.580409395762462e+06 6.447449127589780e+04 -3.722524648542116e+04
2.582956690328862e+06 6.449570081478000e+04 -3.723749821249498e+04
2.585503984895261e+06 6.451689635213187e+04 -3.724974186075615e+04
2.588051279461660e+06 6.453807791220332e+04 -3.726197744306292e+04
2.590598574028059e+06 6.455924551917077e+04 -3.727420497226142e+04
2.593145868594458e+06 6.458039919713698e+04 -3.728642446118587e+04
2.595693163160858e+06 6.460153897013133e+04 -3.729863592265974e+04
2.598240457727257e+06 6.462266486210979e+04 -3.731083936949331e+04
2.600787752293657e+06 6.464377689695512e+04 -3.732303481448854e+04
2.603335046860056e+06 6.466487509847679e+04 -3.733522227043168e+04
2.605882341426455e+06 6.468595949041123e+04 -3.734740175009667e+04
2.608429635992854e+06 6.470703009642190e+04 -3.735957326624342e+04
